40
40
40
40
40
40
40
40
40
40
40
40
40
40
40
40
40
40
40
40
40
40
40
40
40
40
40
40
40
40
40
40
40
40
40
40
40
40
40
40
40
40
40
40
40
40
40
40
40
40
40
40
40
40
40
40
40
40
40
40
40
40
40
40
40
40
40
40
40
40
40
40
40
40
40
40
40
40
40
40
40
40
40
40
40
40
40
40
40
40
27
0
0
0
0
0
0
0
0
0
0
0
0
0
0
0
0
0
0
0
0
0
0
0
0
0
0
0
0
0
0
0
0
0
0
0
0
0
0
0
0
0
0
0
0
0
0
0
0
0
0
0
0
0
0
0
0
0
0
0
0
0
0
0
0
82
127
75
127
40
2
127
127
127
127
112
90
69
48
27
6
127
127
127
127
127
127
127
116
104
92
81
73
64
55
47
41
36
29
21
15
9
5
4
11
23
40
59
76
88
95
95
90
83
76
68
61
54
48
42
37
34
32
32
32
33
32
30
26
20
15
8
2
0
0
0
0
0
0
0
0
0
0
0
0
0
0
0
0
0
0
0
0
0
0
0
0
2
25
49
71
84
89
88
82
76
69
63
58
54
49
45
42
40
40
40
40
41
40
40
37
32
26
20
14
8
2
0
0
0
0
0
0
0
0
0
0
0
0
0
0
0
0
0
0
0
0
0
0
0
0
2
26
52
77
97
109
112
110
72
68
64
61
59
56
54
53
51
51
51
52
53
53
53
52
50
48
45
42
40
37
34
31
29
28
26
25
24
24
23
22
22
21
21
21
20
20
19
19
17
16
15
13
12
11
11
14
20
30
42
55
68
79
85
87
85
82
78
73
70
67
64
62
60
59
60
60
62
63
64
64
63
61
58
55
51
48
45
42
40
38
36
34
33
32
31
31
30
30
29
29
29
28
28
27
26
24
23
21
19
18
18
21
27
36
48
61
75
86
93
96
95
91
87
82
78
75
72
70
68
67
67
68
69
70
71
70
69
67
64
61
57
53
50
47
44
41
40
39
38
37
35
35
34
34
33
32
32
31
31
30
29
28
26
25
23
22
21
23
27
36
47
61
76
89
99
104
104
102
98
67
65
63
62
61
60
59
59
59
59
60
60
60
60
59
57
56
54
52
50
48
46
45
44
43
42
41
40
40
40
40
40
39
39
39
38
38
37
36
35
34
34
33
32
32
34
37
41
48
55
63
68
72
74
73
72
70
68
66
64
63
62
61
60
60
60
61
61
61
61
60
59
57
55
53
51
49
48
46
45
43
43
42
41
40
40
40
40
40
39
39
38
38
37
36
35
34
33
32
33
35
39
43
50
58
64
69
72
72
71
70
68
66
64
62
60
59
58
57
57
57
57
57
57
57
55
54
52
50
48
45
43
42
40
40
39
38
37
37
36
36
36
35
35
35
34
34
33
32
31
30
29
29
29
32
36
41
48
56
63
68
71
72
71
70
68
66
64
62
61
59
58
57
57
57
57
57
56
56
54
53
51
48
46
44
42
40
40
39
38
37
36
36
35
35
35
34
34
34
33
33
32
31
30
30
29
28
29
32
36
41
48
55
62
67
69
70
69
68
66
64
62
60
59
57
56
55
55
55
55
55
54
53
52
50
48
45
43
41
40
39
37
36
35
35
34
34
33
33
33
33
32
32
31
30
29
28
27
27
26
27
28
32
37
43
50
56
61
64
65
64
63
61
59
57
55
53
51
50
49
48
48
47
47
47
46
44
42
40
39
37
35
33
31
30
29
28
28
27
27
26
26
26
25
25
25
24
24
23
23
22
21
20
20
20
21
23
28
34
40
47
53
57
60
60
60
58
57
55
54
53
51
50
48
47
47
46
46
46
45
45
43
41
40
38
36
35
33
32
30
30
29
28
28
27
27
26
26
26
26
25
25
24
24
23
22
21
21
20
20
21
23
27
32
39
45
51
56
59
60
59
58
57
55
54
52
51
50
48
47
47
47
47
47
47
46
45
43
42
40
39
37
35
34
33
32
31
30
30
30
29
29
29
29
29
28
28
28
27
26
25
24
24
23
23
25
27
32
38
43
50
56
59
61
61
60
58
57
55
54
52
51
49
48
47
47
47
47
46
46
45
43
42
40
39
37
35
33
32
31
30
29
29
28
28
27
27
27
26
26
26
26
25
25
24
23
22
22
21
21
21
22
25
30
36
42
49
56
60
63
64
63
61
60
59
58
56
55
53
52
51
50
50
50
50
49
48
47
45
43
41
40
38
36
34
33
32
31
30
30
29
29
28
28
27
27
26
26
26
25
25
24
23
23
22
21
20
20
20
22
25
30
37
43
51
57
61
63
63
62
60
59
57
56
54
53
52
50
50
49
49
49
49
49
48
46
44
42
40
39
37
35
33
32
31
30
29
29
28
28
28
28
27
27
27
26
26
26
25
25
24
23
22
22
21
21
22
25
29
36
42
49
56
60
62
62
61
59
57
55
53
51
50
48
47
46
46
46
46
46
46
45
43
42
40
38
36
34
32
31
29
28
27
27
26
25
25
24
24
24
24
24
23
23
23
22
21
21
20
19
19
19
21
25
30
37
44
52
58
62
63
63
62
60
58
56
54
53
51
50
49
48
47
47
47
47
47
46
45
43
41
40
38
36
34
33
31
30
29
29
29
28
28
28
28
28
28
27
27
26
25
25
24
23
23
24
25
29
35
41
48
56
62
65
66
66
64
62
60
58
56
54
53
51
50
50
49
50
50
50
49
48
47
45
43
41
39
37
35
34
32
31
30
30
29
29
29
29
29
29
28
27
27
26
25
24
23
23
25
29
34
40
48
56
62
65
67
66
65
63
61
59
57
56
54
53
52
52
52
52
52
53
52
51
50
48
46
44
42
40
39
37
36
36
35
35
35
35
35
35
35
35
35
34
34
34
34
35
38
42
49
57
65
72
77
79
80
78
76
73
70
68
65
63
61
59
58
57
57
57
57
56
55
53
50
48
46
44
43
44
45
47
48
47
44
38
30
21
13
5
0
0
0
0
0
0
6
34
106
127
33
101
127
81
40
40
40
40
40
40
40
40
40
40
40
40
40
40
40
40
40
40
40
40
40
40
40
40
40
40
40
40
40
40
40
40
40
40
40
40
40
40
40
40
40
40
40
40
40
40
40
40
40
40
40
40
40
40
40
40
40
40
40
40
40
40
40
40
40
40
40
40
40
40
40
40
40
40
40
40
40
40
40
40
40
40
40
40
40
40
40
40
40
40
40
40
40
40
40
40
40
40
40
40
40
40
40
40
40
40
40
40
40
40
40
40
40
40
40
40
40
40
40
40
40
40
40
40
40
40
40
40
40
40
40
40
40
40
40
40
40
40
40
40
40
40
40
40
40
40
40
40
40
40
40
40
40
40
40
40
40
40
40
40
40
40
40
40
40
40
40
40
40
40
40
40
40
40
40
40
40
40
40
40
40
40
40
40
40
40
40
40
40
40
40
40
40
40
40
40
40
40
40
40
40
40
40
40
40
40
40
40
40
40
40
40
40
40
40
40
40
40
40
40
40
40
40
40
40
40
40
40
40
40
40
40
40
40
40
40
40
40
40
40
40
40
40
40
40
40
40
40
40
40
40
40
40
40
40
40
40
40
40
40
40
40
40
40
40
40
40
40
40
40
40
40
40
40
40
40
40
40
40
40
40
40
40
40
40
40
40
40
40
40
40
40
40
40
40
40
40
40
40
40
40
40
40
40
40
40
40
40
40
40
40
40
40
40
40
40
40
40
40
40
40
40
40
40
40
40
40
40
40
40
40
40
40
40
40
40
40
40
40
40
40
40
40
40
40
40
40
40
40
40
40
40
40
40
40
40
40
40
40
40
40
40
40
40
40
40
40
40
40
40
40
40
40
40
40
40
40
40
40
40
40
40
40
40
40
40
40
40
40
40
40
40
40
40
40
40
40
40
40
40
40
40
40
40
40
40
40
40
40
40
40
40
40
40
40
40
40
40
40
40
40
40
40
40
40
40
40
40
40
40
40
40
40
40
40
40
40
40
40
40
40
40
40
40
40
40
40
40
40
40
40
40
40
40
40
40
40
40
40
40
40
40
40
40
40
40
40
40
40
40
40
40
40
40
40
40
40
40
40
40
40
40
40
40
40
40
40
40
40
40
40
40
40
40
40
40
40
40
40
40
40
40
40
40
40
40
40
40
40
40
40
40
40
40
40
40
40
40
40
40
40
40
40
40
40
40
40
40
40
40
40
40
40
40
40
40
40
40
40
40
40
40
40
40
40
40
40
40
40
40
40
40
40
40
40
40
40
40
40
40
40
40
40
40
40
40
40
40
40
40
40
40
40
40
40
40
40
40
40
40
40
40
40
40
40
40
40
40
40
40
40
40
40
40
40
40
40
40
40
40
40
40
40
40
40
40
40
40
40
40
40
40
40
40
